     0/109     1.91G      4.94      3.34      5.21      13.5        32       416     0.167     0.111    0.0533     0.113      4.87      2.19       3.7
     1/109     1.91G      4.56      2.66       3.7      10.9        23       416     0.193     0.174    0.0774     0.152      4.83      2.14      3.14
     2/109     1.91G      4.49       2.6      3.32      10.4        22       416     0.252     0.193      0.11     0.194      4.71      2.09      2.86
     3/109     1.91G      4.47      2.55      3.09      10.1        32       416     0.253     0.225     0.131     0.214      4.71      2.09       2.7
     4/109     1.91G      4.41       2.5      2.88      9.79        40       416     0.246     0.248     0.139      0.22      4.29      2.08      2.56
     5/109     1.91G         4      2.46      2.75      9.21        26       416     0.226     0.257     0.141     0.222      3.37      2.06      2.41
     6/109     1.91G      3.13      2.45      2.62       8.2        21       416     0.233     0.246     0.132     0.223      3.36      2.04      2.32
     7/109     1.91G      3.06      2.42      2.53      8.02        54       416     0.255     0.282     0.159     0.243      3.19      2.05      2.21
     8/109     1.91G      3.03       2.4      2.41      7.84        26       416     0.213     0.248     0.116     0.206      3.34      2.03      2.17
     9/109     1.91G         3      2.41      2.34      7.74        26       416     0.268     0.283     0.158     0.242      3.11      2.03      2.15
    10/109     1.91G      2.98      2.38      2.27      7.64        25       416     0.247     0.272     0.149     0.243      3.14      2.04      2.13
    11/109     1.91G      2.97      2.37      2.23      7.57        32       416     0.248     0.305     0.164     0.251      3.14      2.05       2.1
    12/109     1.91G      2.98      2.34      2.19       7.5        20       416     0.239     0.284     0.146     0.236      3.17      2.06      2.08
    13/109     1.91G      2.95      2.36      2.15      7.46        27       416     0.266     0.283      0.17     0.258      3.08      2.04      2.08
    14/109     1.91G      2.95      2.34      2.12      7.41        34       416     0.241     0.286     0.147     0.242      3.19      2.05      2.09
    15/109     1.91G      2.96      2.35      2.05      7.37        23       416     0.226     0.298     0.146     0.236      3.23      2.05      2.06
    16/109     1.91G      2.95      2.33      2.05      7.34        33       416     0.228     0.296     0.157      0.24      3.17      2.07       2.1
    17/109     1.91G      2.94      2.31      2.02      7.28        34       416     0.259       0.3     0.172     0.263       3.2      2.07      2.09
    18/109     1.91G      2.94      2.33      2.01      7.27        32       416     0.229     0.291     0.145     0.242      3.25      2.08       2.1
    19/109     1.91G      2.94      2.33      1.99      7.26        27       416     0.237     0.301     0.164     0.247      3.12      2.09      2.12
    20/109     1.91G      2.94      2.32      1.97      7.23        24       416     0.216     0.283     0.149     0.236      3.18       2.1      2.17
    21/109     1.91G      2.94      2.32      1.94      7.21        19       416      0.25     0.307     0.169     0.253      3.11      2.07      2.07
    22/109     1.91G      2.95      2.29      1.93      7.17        59       416     0.246     0.297      0.16     0.244      3.24      2.11      2.16
    23/109     1.91G      2.94      2.32      1.94       7.2        28       416     0.218     0.304     0.163     0.239      3.11      2.14      2.24
    24/109     1.91G      2.94      2.29      1.92      7.14        29       416     0.239     0.292      0.16      0.25      3.21       2.1      2.14
    25/109     1.91G      2.92      2.31      1.89      7.13        40       416     0.244     0.292     0.163     0.242       3.1      2.12      2.18
    26/109     1.91G      2.93      2.31      1.89      7.14        24       416     0.259     0.276     0.155     0.248      3.26       2.1      2.18
    27/109     1.91G      2.92      2.29      1.88      7.09        27       416     0.262     0.265     0.151     0.241       3.2      2.15      2.28
    28/109     1.91G      2.94      2.29      1.85      7.09        32       416     0.242     0.299     0.163     0.257      3.16      2.09      2.16
    29/109     1.91G      2.93      2.29      1.85      7.07        35       416     0.254     0.295     0.168     0.261      3.15      2.11      2.11
    30/109     1.91G      2.93      2.29      1.81      7.04        28       416     0.261     0.268     0.151     0.249      3.27      2.16      2.22
    31/109     1.91G      2.92      2.27      1.82      7.02        36       416     0.225     0.313     0.163     0.248       3.2      2.13      2.14
    32/109     1.91G      2.92       2.3      1.81      7.03        30       416     0.231     0.292     0.163     0.245      3.12      2.15      2.18
    33/109     1.91G      2.93      2.27      1.81      7.01        28       416     0.252     0.272     0.157     0.247       3.1      2.15      2.18
    34/109     1.91G      2.93      2.29      1.79      7.01        29       416     0.256     0.288     0.154     0.247      3.21      2.11      2.17
    35/109     1.91G      2.93      2.27      1.77      6.97        39       416     0.236     0.305     0.174      0.25      3.09      2.16       2.2
    36/109     1.91G      2.91      2.28      1.78      6.97        33       416     0.219     0.314      0.17     0.248      3.21      2.12      2.17
    37/109     1.91G      2.94      2.28      1.77      6.99        27       416     0.271     0.278     0.157     0.259      3.19      2.16       2.2
    38/109     1.91G      2.92      2.28      1.74      6.94        26       416      0.25     0.286     0.161     0.249      3.25      2.14      2.19
    39/109     1.91G      2.91      2.27      1.76      6.94        27       416     0.247     0.286     0.158      0.25      3.19      2.12      2.12
    40/109     1.91G      2.92      2.27      1.73      6.92        22       416     0.249     0.292     0.163     0.259      3.12      2.13      2.18
    41/109     1.91G      2.92      2.27      1.72      6.91        32       416     0.251     0.294     0.164     0.258      3.18      2.13      2.21
    42/109     1.91G      2.92      2.26      1.72       6.9        47       416      0.23     0.294     0.158     0.246      3.19      2.15      2.21
    43/109     1.91G       2.9      2.27       1.7      6.87        41       416     0.252     0.282     0.156     0.249      3.19      2.16       2.3
    44/109     1.91G       2.9      2.26      1.74       6.9        42       416     0.258     0.294     0.164     0.258      3.15      2.13      2.17
    45/109     1.91G      2.91      2.27      1.68      6.86        30       416     0.234     0.282      0.16     0.244      3.29      2.13      2.21
    46/109     1.91G      2.92      2.25      1.67      6.85        34       416     0.246     0.296     0.171     0.256      3.15      2.18      2.22
    47/109     1.91G      2.91      2.24       1.7      6.85        29       416     0.262     0.271     0.152     0.256      3.21      2.16      2.24
    48/109     1.91G      2.91      2.25       1.7      6.85        40       416     0.231     0.301     0.168      0.25      3.13      2.19      2.22
    49/109     1.91G       2.9      2.23      1.68      6.81        37       416     0.228     0.298     0.159     0.242      3.21      2.19      2.32
    50/109     1.91G      2.92      2.25      1.68      6.85        26       416     0.238     0.292     0.155     0.239       3.1      2.16      2.33
    51/109     1.91G      2.91      2.24      1.67      6.82        38       416     0.239     0.279     0.156     0.244      3.24      2.15      2.24
    52/109     1.91G       2.9      2.24      1.66      6.81        46       416     0.253     0.289     0.168     0.258      3.22      2.14      2.26
    53/109     1.91G       2.9      2.22      1.67      6.79        35       416     0.245     0.291     0.164     0.252      3.14      2.16      2.25
    54/109     1.91G      2.91      2.24      1.64      6.79        24       416     0.237     0.273     0.149      0.24      3.38      2.14      2.27
    55/109     1.91G      2.89      2.24      1.65      6.78        33       416     0.216     0.308     0.161     0.243       3.2      2.17      2.28
    56/109     1.91G       2.9      2.24      1.66       6.8        44       416     0.248     0.275     0.156     0.244      3.21      2.19      2.31
    57/109     1.91G      2.89      2.23      1.63      6.75        20       416     0.228     0.302     0.163     0.247      3.16      2.19      2.28
    58/109     1.91G      2.88      2.21      1.65      6.74        35       416      0.23     0.299     0.164      0.25      3.13      2.19      2.28
    59/109     1.91G       2.9      2.22      1.62      6.74        36       416     0.246     0.276     0.149     0.249      3.25      2.18      2.41
    60/109     1.91G       2.9      2.22      1.64      6.76        28       416     0.245     0.271     0.154     0.244       3.2      2.17       2.3
    61/109     1.91G      2.89      2.24       1.6      6.72        29       416     0.237       0.3     0.164     0.252      3.26      2.16      2.29
    62/109     1.91G      2.89      2.21      1.59      6.69        31       416     0.246     0.297     0.163     0.248       3.2      2.16      2.31
    63/109     1.91G      2.89      2.21      1.61      6.72        35       416     0.246       0.3     0.164     0.252      3.12      2.15      2.32
    64/109     1.91G      2.89      2.22       1.6      6.71        42       416     0.247     0.292     0.171     0.259      3.15      2.16      2.21
    65/109     1.91G       2.9       2.2       1.6       6.7        21       416     0.232       0.3     0.168     0.249      3.08      2.16      2.24
    66/109     1.91G      2.89      2.21      1.59      6.69        16       416     0.222     0.295     0.154     0.239       3.3      2.18      2.36
    67/109     1.91G      2.88      2.18      1.59      6.64        25       416     0.223     0.267     0.142      0.23      3.56      2.22      2.32
    68/109     1.91G      2.87       2.2      1.58      6.65        38       416     0.232     0.281     0.153     0.238      3.26      2.16      2.26
    69/109     1.91G      2.87      2.23      1.55      6.66        29       416     0.226     0.291     0.158     0.243      3.22      2.22      2.31
    70/109     1.91G       2.9      2.24      1.59      6.73        23       416     0.212     0.278     0.141     0.228      3.38      2.18      2.31
    71/109     1.91G      2.88      2.21      1.58      6.67        27       416     0.249     0.274     0.147     0.242      3.12       2.2      2.36
    72/109     1.91G      2.88       2.2      1.53      6.61        30       416     0.244      0.28     0.156     0.248      3.13      2.18      2.32
    73/109     1.91G      2.89       2.2      1.55      6.63        36       416     0.233     0.292     0.156     0.242      3.18      2.19      2.38
    74/109     1.91G      2.87       2.2      1.57      6.64        35       416     0.266     0.277      0.16     0.249       3.3      2.29      2.41
    75/109     1.91G      2.87      2.21      1.56      6.64        32       416     0.229     0.295     0.153     0.248      3.19      2.17      2.26
    76/109     1.91G      2.89      2.17      1.54       6.6        29       416     0.215     0.288     0.142     0.234      3.25      2.18      2.37
    77/109     1.91G      2.88       2.2      1.56      6.64        33       416     0.225     0.297     0.151     0.237      3.23      2.21      2.38
    78/109     1.91G      2.89      2.19      1.53      6.61        24       416     0.228     0.283     0.134     0.239      3.21      2.18      2.34
    79/109     1.91G      2.87       2.2      1.55      6.63        38       416     0.268     0.267     0.147     0.254      3.24      2.22      2.39
    80/109     1.91G      2.86      2.19      1.54      6.59        35       416     0.229     0.302     0.158     0.246      3.13      2.18       2.3
    81/109     1.91G      2.87      2.16      1.53      6.57        29       416     0.219     0.281     0.132     0.233      3.37      2.16      2.28
    82/109     1.91G      2.85      2.17      1.52      6.54        29       416     0.252     0.276     0.155     0.253      3.29      2.21      2.34
    83/109     1.91G      2.86      2.19      1.51      6.56        40       416      0.22     0.301     0.157     0.242      3.18      2.16      2.31
    84/109     1.91G      2.86      2.18      1.54      6.57        44       416     0.238     0.293     0.155     0.251      3.15      2.23       2.3
    85/109     1.91G      2.85      2.18      1.53      6.55        27       416     0.208     0.293     0.146      0.23      3.26      2.22      2.28
    86/109     1.91G      2.88      2.18      1.52      6.57        34       416     0.198     0.294     0.146     0.226      3.19      2.16       2.3
    87/109     1.91G      2.87      2.17      1.53      6.57        41       416     0.261     0.294     0.174     0.262      3.09      2.17      2.38
    88/109     1.91G      2.88      2.17       1.5      6.55        29       416     0.245     0.275     0.145     0.245       3.2      2.24      2.35
    89/109     1.91G      2.45      2.06      1.26      5.77        39       416     0.296      0.34     0.218     0.311      2.77      2.13      2.13
    90/109     1.91G      2.38      1.97      1.14       5.5        24       416     0.291     0.344     0.218      0.31      2.76      2.14      2.15
    91/109     1.91G      2.35      1.95      1.09      5.39        22       416       0.3     0.346     0.226     0.315      2.76      2.14      2.15
    92/109     1.91G      2.35      1.94      1.05      5.33        26       416     0.293     0.349     0.227     0.313      2.74      2.15      2.15
    93/109     1.91G      2.34       1.9      1.02      5.26        22       416     0.295      0.35     0.228     0.315      2.75      2.15      2.17
    94/109     1.91G      2.33       1.9     0.988      5.22        23       416     0.306     0.343     0.224     0.317      2.75      2.18      2.18
    95/109     1.91G      2.32      1.88     0.994      5.19        21       416     0.307     0.342     0.226     0.317      2.75      2.18      2.18
    96/109     1.91G      2.31      1.86     0.964      5.14        26       416       0.3      0.34     0.222     0.311      2.74      2.17      2.19
    97/109     1.91G       2.3      1.84     0.929      5.07        18       416     0.305     0.343     0.225     0.318      2.74      2.18      2.22
    98/109     1.91G      2.29      1.84     0.944      5.08        27       416     0.304     0.349     0.229     0.318      2.75      2.19       2.2
    99/109     1.91G       2.3      1.81     0.927      5.04        23       416     0.299     0.338     0.223     0.311      2.75       2.2       2.2
   100/109     1.91G      2.24      1.81     0.893      4.94        34       416     0.315      0.35     0.232     0.325      2.69      2.19      2.18
   101/109     1.91G      2.21       1.8     0.885       4.9        27       416     0.307     0.351     0.233     0.323      2.69      2.19      2.18
   102/109     1.91G      2.22      1.81     0.891      4.92        41       416     0.312     0.353     0.234     0.325      2.69      2.19      2.18
   103/109     1.91G      2.23      1.83     0.878      4.94        76       416     0.315     0.351     0.232     0.326      2.69       2.2      2.18
   104/109     1.91G       2.2      1.79     0.882      4.88        43       416      0.32     0.348     0.232     0.327      2.69       2.2      2.17
   105/109     1.91G      2.21      1.81     0.875       4.9        39       416     0.313     0.347      0.23     0.324      2.69       2.2      2.18
   106/109     1.91G       2.2       1.8     0.869      4.87        37       416     0.316     0.351     0.231     0.327      2.69      2.19      2.18
   107/109     1.91G      2.21       1.8     0.857      4.86        46       416      0.32     0.348     0.232     0.327      2.69       2.2      2.18
   108/109     1.91G       2.2       1.8      0.87      4.87        34       416     0.305     0.352     0.232     0.322      2.69       2.2       2.2
   109/109     1.91G      2.21       1.8     0.879      4.89        49       416    0.0206     0.622     0.269    0.0398      2.68       2.2      2.18
